87.44 98.77 96.76 111.08
94.66 99.98 99.70 104.88
90.28 99.95 99.76 109.30
96.90 99.91 99.71 102.61
95.75 101.04 100.77 104.84
90.07 98.98 98.44 106.15
94.09 99.47 99.85 105.44
98.56 100.05 99.98 101.12
90.18 99.89 99.34 109.31
96.56 100.53 100.69 102.97
97.30 100.00 99.97 102.24
97.35 99.97 99.95 102.05
97.97 100.01 99.99 101.61
97.85 99.99 99.99 101.76
96.47 100.00 100.02 102.86
90.12 99.98 99.97 109.39
92.95 99.74 99.16 106.40
97.36 100.24 100.81 102.24
95.13 100.00 100.01 104.38
93.70 100.01 99.97 105.90
97.36 99.99 100.00 102.06
97.24 99.80 99.99 102.22
94.63 100.19 99.98 104.99
94.69 99.95 99.99 103.54
98.41 99.04 99.98 101.17
96.35 100.96 99.93 103.39
86.30 99.71 98.96 111.08
85.91 100.08 100.26 112.85
96.57 99.75 99.41 100.82
95.13 100.22 100.51 105.35
94.85 99.32 99.24 105.76
95.23 100.68 99.73 102.42
88.63 99.99 99.96 109.68
95.00 99.87 100.01 105.45
94.76 99.63 99.02 103.86
99.61 103.48 104.31 107.53
88.88 95.99 96.37 102.10
94.93 100.05 99.67 104.35
93.33 100.95 100.54 107.25
98.37 99.05 99.98 101.15
96.01 99.98 99.01 102.76
95.42 96.13 101.08 108.04
99.45 93.39 99.95 106.14
99.62 95.75 100.08 104.54
99.55 94.45 99.94 105.21
99.38 96.33 100.12 103.82
98.49 97.61 99.85 101.36
99.67 91.80 99.55 108.81
99.69 92.97 100.43 107.27
99.63 97.14 100.00 102.48
99.40 97.92 99.99 102.22
99.44 98.56 100.01 101.27
99.02 97.07 100.06 103.03
99.58 96.66 99.93 102.64
99.69 99.67 99.99 101.05
99.49 97.86 99.91 102.10
98.72 93.94 100.00 105.46
99.52 96.26 100.06 104.21
99.32 97.18 99.90 102.84
99.55 96.24 99.99 102.89
99.61 98.83 100.00 101.08
99.46 96.42 100.00 103.41
99.54 95.16 100.00 105.04
99.34 96.60 100.07 103.05
99.53 95.56 100.02 104.41
99.41 97.04 99.86 102.24
99.61 98.71 99.99 101.98
98.85 96.93 99.00 101.20
99.29 96.77 100.35 103.79
99.76 89.89 100.63 110.15
99.61 97.11 99.99 102.95
99.60 96.05 99.34 102.59
99.77 97.90 100.39 103.18
98.84 94.30 99.85 105.74
97.08 100.98 100.37 102.68
93.92 98.99 99.00 104.15
97.72 100.87 100.52 102.02
93.01 99.86 100.49 107.75
97.83 99.77 98.96 101.79
97.68 100.44 101.21 102.32
84.49 99.25 99.26 113.59
98.05 100.20 100.29 101.38
94.78 99.43 100.00 104.77
90.90 100.54 99.01 108.68
88.27 99.29 100.35 111.09
83.07 100.41 100.06 114.48
85.96 98.37 101.06 112.96
83.18 99.69 99.07 113.86
93.00 99.88 100.03 106.77
93.36 99.49 99.64 105.92
91.46 100.32 100.17 107.57
93.17 100.15 100.90 107.28
94.12 99.39 98.45 103.29
94.24 100.28 100.49 105.43
94.58 99.72 99.97 104.61
97.46 99.51 99.78 100.92
97.19 100.70 100.22 102.48
94.64 99.56 100.93 104.93
88.47 99.92 99.03 108.87
96.44 99.84 99.83 103.11
92.01 99.65 99.60 108.78
88.69 99.24 100.98 109.68
86.19 100.24 99.88 111.78
89.03 99.87 100.00 110.61
95.90 100.59 100.00 103.71
88.29 100.01 100.10 110.28
92.19 99.97 99.86 106.90
80.43 99.99 99.98 118.41
91.58 99.15 99.28 105.20
92.02 100.75 99.81 107.18
92.73 100.06 100.27 106.70
94.29 99.26 99.73 105.01
97.03 100.75 100.01 102.50
91.94 99.96 99.98 107.64
95.49 100.00 100.14 103.98
96.36 100.06 99.88 103.09
92.67 99.16 99.47 106.71
89.78 99.72 99.84 108.94
96.30 100.20 100.71 103.31
90.61 99.77 100.02 107.49
95.65 100.82 99.87 103.64
94.90 98.29 99.98 106.63
92.56 100.61 99.99 105.29
95.54 99.09 99.99 103.90
95.32 101.07 99.99 104.27
90.67 99.23 99.98 107.49
95.28 100.57 98.62 104.14
93.08 99.55 99.83 105.75
91.82 99.50 100.91 107.73
85.68 100.82 98.72 110.43
80.54 99.92 100.24 117.87
95.91 99.35 99.75 102.96
96.13 100.62 100.17 103.44
96.35 100.18 99.74 102.91
93.90 99.93 100.00 105.36
96.01 100.05 100.00 103.61
98.15 99.78 100.01 100.78
95.16 100.04 100.00 104.54
96.35 99.96 99.02 103.19
97.46 100.01 100.96 101.53
96.59 100.00 100.02 102.69
93.68 100.06 100.15 105.66
96.54 99.44 99.80 102.92
94.64 100.36 100.01 104.98
96.34 99.94 99.78 102.87
94.84 99.94 100.09 104.61
95.68 99.98 100.01 103.68
94.77 100.03 99.94 105.58
96.15 99.92 100.06 101.53
97.20 99.67 99.44 102.33
97.04 100.30 100.40 102.45
92.79 99.92 99.98 106.57
97.98 99.97 100.01 101.48
96.76 99.17 99.97 102.71
92.65 100.84 100.00 106.98
96.84 100.01 100.00 102.74
97.06 99.98 100.01 102.58
94.91 99.99 99.94 104.59
93.52 99.54 100.00 105.88
94.61 99.59 99.98 104.84
95.49 100.86 99.92 103.74
94.27 98.73 100.30 105.08
96.79 99.45 100.15 102.65
96.67 100.38 99.99 102.94
96.22 99.37 100.01 103.33
96.68 100.54 99.98 102.65
97.14 100.06 100.01 102.41
92.42 99.69 99.95 107.06
94.39 99.93 99.27 105.18
96.89 100.28 100.90 102.65
88.27 100.16 99.78 108.77
98.19 99.27 99.52 102.23
96.89 100.59 100.44 102.69
96.90 100.00 100.01 102.59
92.28 99.88 99.99 107.18
95.99 99.82 100.02 103.53
95.12 100.12 100.00 102.80
81.74 100.47 100.25 118.21
91.48 99.44 99.54 104.63
95.52 100.09 100.29 104.29
92.12 99.92 100.31 106.78
93.81 99.94 100.29 105.39
97.72 99.24 98.39 100.22
92.87 99.73 100.99 105.87
90.92 100.87 99.83 107.91
92.82 99.62 99.17 107.84
90.21 100.47 100.93 109.45
91.12 99.26 99.09 107.09
95.06 100.20 100.63 104.56
95.59 100.51 100.20 104.97
95.90 99.73 100.00 103.67
96.82 99.34 99.11 102.70
95.31 100.69 100.80 104.43
95.70 100.21 100.05 103.88
96.08 99.32 99.66 103.48
96.63 100.65 100.29 103.01
93.73 100.00 100.01 105.83
95.64 99.85 100.02 104.01
95.14 100.14 100.07 104.34

