12.05 23.49 62.66 94.06 99.88 105.37
13.32 27.10 54.83 99.92 99.71 104.34
13.04 26.29 56.61 100.48 99.77 101.12
11.48 30.24 60.56 92.03 99.70 105.59
12.15 29.23 53.79 100.45 100.88 104.02
9.68 29.06 58.83 99.70 99.17 101.26
10.54 25.76 56.44 98.77 99.72 106.04
14.02 27.18 54.02 99.67 100.07 104.11
12.28 30.60 52.08 99.51 100.28 104.43
14.01 26.97 54.42 99.80 98.55 104.00
14.88 26.30 53.93 100.69 99.36 105.18
13.44 27.45 54.03 99.51 99.84 103.16
13.75 27.48 55.72 100.36 100.17 102.59
14.04 28.22 55.40 99.99 100.68 101.84
13.52 26.18 53.13 99.26 99.75 106.39
13.93 46.25 45.43 84.07 99.93 109.21
11.88 20.15 96.61 66.04 99.48 105.11
14.61 25.82 59.52 92.11 100.31 106.82
12.06 21.72 55.54 86.64 99.83 125.28
11.15 17.72 83.63 74.37 99.51 111.94
14.46 21.32 62.00 88.82 99.86 106.27
17.39 26.03 48.90 93.31 99.32 108.68
20.31 20.92 72.79 79.21 101.58 110.45
10.33 20.77 61.69 92.24 98.97 109.06
11.49 27.96 58.92 97.82 99.48 101.80
13.30 26.16 51.78 99.21 100.05 106.88
11.29 25.67 60.27 99.39 99.65 103.51
13.20 28.14 54.81 99.57 100.43 103.51
8.82 28.70 62.33 90.62 100.33 109.19
11.08 18.57 66.21 83.90 99.65 114.67
9.08 21.61 83.74 79.86 100.79 106.90
13.10 26.50 52.91 99.18 99.07 106.26
13.73 27.19 54.49 99.38 100.08 105.63
14.70 23.41 58.92 97.07 99.77 103.93
13.99 28.33 54.48 99.44 100.68 102.46
14.32 27.84 57.19 99.31 100.26 102.39
13.06 27.30 54.90 99.21 99.52 103.30
14.54 27.77 55.53 99.43 99.85 103.71
13.21 27.35 54.82 98.41 99.83 102.57
14.05 24.31 54.73 98.55 100.16 108.24
17.94 36.12 44.10 90.81 100.62 109.30
14.84 20.31 60.05 97.36 99.02 101.56
14.26 27.12 55.71 95.40 99.76 106.31
12.86 28.09 57.53 99.11 100.80 103.69
13.97 27.65 55.21 99.26 99.29 103.50
13.34 31.00 53.72 96.46 100.08 102.63
11.16 39.54 62.33 86.32 100.30 100.39
11.34 31.80 61.63 93.78 99.28 100.76
14.63 28.09 57.27 93.05 100.13 105.86
14.19 28.71 57.23 94.23 100.08 104.74
14.23 28.95 56.61 92.86 100.27 106.36
14.58 28.96 56.51 96.86 99.33 101.97
14.22 28.58 57.54 94.24 99.91 104.62
14.10 28.20 57.22 94.01 100.73 105.21
14.81 28.16 57.02 93.74 99.37 105.71
13.69 29.20 57.12 95.88 100.23 103.92
14.49 28.23 57.33 97.08 99.83 102.41
14.02 29.00 57.16 96.75 100.15 102.62
14.53 28.34 56.83 96.79 100.31 102.54
14.72 28.40 56.87 96.18 99.16 103.22
13.53 28.90 57.57 96.64 100.28 103.04
14.73 27.96 57.29 93.85 100.20 105.84
14.51 29.12 56.71 98.17 99.81 101.26
13.78 28.25 57.69 95.73 99.64 103.81
14.05 28.65 57.21 97.50 100.14 101.53
14.79 28.71 56.49 97.17 100.52 101.89
13.96 28.54 57.52 97.75 99.32 101.59
14.06 28.75 57.16 97.68 100.66 101.90
14.62 28.42 56.94 97.91 99.58 101.42
14.70 28.59 56.70 95.84 99.99 103.76
13.99 28.67 57.38 96.89 99.96 102.82
14.12 28.05 57.75 98.40 99.80 101.35
14.44 28.97 56.58 95.72 100.00 103.90
14.47 28.81 56.68 97.36 100.54 102.37
14.43 27.75 57.82 97.42 99.45 101.62
14.16 28.61 57.20 94.19 99.98 105.58
13.67 29.05 57.23 96.76 100.04 102.52
15.13 28.31 56.59 96.57 99.92 103.07
13.98 29.08 56.93 95.99 99.39 103.23
13.44 26.90 55.33 95.92 99.92 105.42
13.72 28.28 55.64 99.53 100.75 101.97
13.99 27.25 54.48 99.84 99.22 103.63
13.40 27.23 54.94 100.39 99.95 103.69
13.69 27.57 54.76 99.52 100.21 103.28
13.88 27.03 54.29 100.00 100.36 104.58
12.99 25.84 52.30 99.97 99.41 108.30
11.80 28.55 56.91 99.30 100.40 103.98
13.36 27.73 54.95 99.08 99.59 103.05
13.51 27.40 54.75 100.91 100.97 103.76
14.59 27.04 55.17 99.51 99.27 102.39
13.18 28.04 55.52 99.96 100.19 102.47
13.74 27.51 55.23 99.88 100.36 102.47
14.02 27.76 55.71 100.08 99.34 101.58
13.86 27.17 53.58 99.80 100.09 104.25
13.30 27.22 54.86 100.20 99.98 104.01
13.55 27.39 54.95 99.54 99.98 103.32
13.43 26.65 53.40 99.89 100.24 105.93
14.03 27.99 54.78 100.35 99.41 102.21
13.88 26.84 54.47 99.89 99.97 104.57
13.43 27.63 54.78 99.73 100.01 103.16
13.67 28.03 55.90 100.30 100.00 101.34
13.96 27.42 55.60 100.22 99.96 101.79
13.41 26.93 53.62 99.85 100.04 106.29
13.46 27.95 55.81 98.09 100.15 103.52
9.78 32.76 59.17 94.95 100.76 104.65
13.15 25.59 59.68 95.83 99.27 102.58
16.38 38.37 47.88 98.46 99.91 98.26
13.82 28.75 53.83 99.93 100.46 103.82
13.88 27.38 54.25 100.66 100.24 104.64
13.15 26.62 54.43 99.23 99.05 104.01
13.94 27.17 53.28 100.16 99.95 105.30
13.23 26.92 53.89 99.35 100.05 105.26
13.73 28.06 55.39 100.48 100.08 102.03
13.38 26.72 54.93 100.32 100.80 103.53
13.91 28.31 55.38 98.96 99.87 100.94
13.62 26.40 53.63 100.01 99.64 104.31
13.13 26.66 53.22 99.76 100.04 106.59
12.16 26.80 53.56 99.23 100.40 107.87
11.81 36.30 50.25 93.51 99.17 105.79
12.78 27.77 54.96 99.29 99.94 103.72
13.75 27.26 54.37 99.99 100.42 104.43
13.50 27.58 53.92 100.00 99.58 103.75
13.99 27.63 56.45 100.48 100.08 101.84
13.74 27.31 54.83 99.46 99.68 103.06
13.91 27.47 54.37 100.95 100.89 104.57
11.31 29.99 54.17 97.35 99.03 105.16
15.42 32.44 49.88 100.15 100.46 101.90
14.09 27.48 54.63 100.33 100.18 103.30
13.44 27.56 55.06 99.29 99.70 102.61
12.83 27.42 54.80 99.64 99.98 104.78
12.58 27.27 54.75 100.27 100.12 104.66
12.99 27.61 54.38 99.30 99.72 104.00
9.48 20.55 71.71 91.67 99.87 106.10
13.73 27.39 56.43 100.23 99.65 101.86
13.95 27.91 55.65 99.82 99.99 101.24
12.18 28.74 56.41 98.16 100.56 103.61
10.93 24.11 56.13 98.98 99.15 107.90
13.02 28.25 55.10 98.01 101.25 105.68
9.00 32.36 55.04 88.85 98.94 110.94
9.20 77.07 31.66 70.95 94.38 110.60
30.80 61.84 32.89 67.82 92.14 110.99
23.21 41.96 62.40 71.45 92.61 106.97
14.32 28.82 56.38 99.57 90.24 108.67
23.84 30.71 51.07 85.18 99.60 107.97
12.67 23.96 66.55 93.15 99.75 104.72
10.22 29.02 58.92 91.07 99.55 109.92
10.99 30.38 60.43 95.45 99.73 102.23
13.74 26.46 53.36 99.53 99.63 106.10
9.26 21.46 69.86 85.92 99.75 112.46
11.90 32.32 63.70 88.23 99.78 103.94
13.35 27.30 55.18 99.34 99.69 104.18
11.88 28.06 57.06 99.61 99.70 103.67
13.84 28.55 55.40 99.67 99.56 101.81
13.88 26.51 54.54 98.25 99.68 104.56
13.82 28.43 56.18 100.12 99.57 101.15
13.50 26.59 52.41 100.02 99.46 106.82
14.27 27.82 56.39 99.85 99.70 101.33
13.29 28.33 56.03 100.39 99.93 101.44
14.12 27.03 54.37 100.54 99.90 104.72
13.19 25.79 52.16 99.28 98.88 106.95
9.97 27.55 59.77 98.57 99.53 103.10
10.57 28.36 58.05 102.19 100.54 106.11
11.32 24.64 60.37 95.32 97.26 99.59
13.86 26.55 53.00 100.65 99.60 105.33
12.46 27.59 51.40 98.50 96.99 105.54
9.11 31.56 58.14 94.67 99.80 106.51
13.65 27.42 56.51 99.86 99.32 102.54
9.65 32.05 55.52 99.18 99.32 105.22
12.14 29.56 56.44 98.58 98.44 99.63
13.22 27.08 55.41 99.06 100.14 104.61
13.09 26.17 51.94 99.91 99.56 106.65
13.65 27.53 54.29 99.57 99.72 103.41
14.38 28.35 55.91 99.25 99.84 101.98
12.74 21.57 63.88 99.06 99.67 102.04
13.43 27.32 54.40 99.68 99.95 104.24
14.20 27.61 54.75 99.41 99.71 102.36
13.98 27.68 55.54 99.55 99.93 102.48
13.39 27.85 55.97 99.31 99.73 102.15
13.84 27.69 55.08 99.76 99.78 103.10
11.67 28.22 56.96 98.72 99.89 104.53
13.65 28.00 54.92 99.75 99.71 102.98
13.62 26.90 54.81 99.81 99.48 104.11
13.84 27.16 53.81 99.70 100.22 105.13
13.91 28.01 56.14 99.89 100.62 101.73
13.23 27.28 53.87 99.47 99.33 104.73
14.00 27.49 55.27 99.69 99.96 102.35
13.83 27.40 55.85 98.00 99.99 102.55
14.27 28.02 55.83 100.46 100.04 101.85
13.33 27.31 53.91 99.60 100.19 105.14
13.62 27.25 54.62 99.73 99.87 103.27
14.70 27.98 55.40 99.80 99.74 101.38
12.83 26.41 53.75 99.54 100.70 106.89
13.33 27.19 54.57 99.64 99.62 103.59
14.13 27.59 55.46 99.53 99.60 103.00
13.58 27.52 55.52 99.78 100.56 102.63
13.67 27.51 54.13 99.55 99.32 104.88
14.19 27.32 54.29 99.96 101.18 105.05
10.43 27.72 55.41 96.22 98.74 106.72
12.82 28.71 56.14 99.53 100.09 101.99
13.81 26.64 54.81 99.61 99.99 104.74
14.08 27.88 55.51 99.89 100.92 103.08
13.43 27.82 55.82 99.29 98.97 101.52
13.64 27.74 54.94 99.87 100.80 103.22
14.70 27.65 56.45 100.59 100.16 102.50
13.19 27.85 55.09 98.38 99.34 101.25
14.06 27.95 55.13 99.67 99.89 102.74
13.52 29.25 52.37 99.38 99.72 103.90
13.61 27.27 54.72 99.71 99.71 104.21
13.17 27.64 54.72 99.67 99.79 103.74
13.58 26.69 53.83 99.81 99.37 105.32
14.12 27.87 55.59 99.55 101.15 102.29
13.71 26.74 54.36 99.66 100.72 104.30
13.84 28.71 56.33 98.91 98.67 100.08
12.92 25.85 52.81 99.71 100.38 107.71
13.91 27.47 54.22 99.06 100.30 103.49
13.65 27.77 54.77 99.64 99.45 103.38
14.32 27.03 55.24 99.70 99.85 102.61
13.18 26.50 53.26 99.66 100.71 107.36
13.14 27.54 54.53 99.64 99.36 103.85
13.18 26.57 53.20 99.76 100.40 107.44
11.00 31.23 61.89 88.97 100.14 106.02
8.05 30.35 61.47 99.23 99.95 101.04
9.30 29.82 59.29 99.27 100.32 101.20
10.31 28.64 56.77 99.44 99.00 103.08
13.76 27.25 54.80 99.82 100.53 104.04
13.62 27.46 54.87 99.42 100.07 103.45
12.74 25.38 51.29 99.60 99.28 109.98
12.53 26.69 53.17 97.11 100.67 110.42
12.03 26.57 53.09 98.60 99.39 108.04
8.73 19.73 68.87 85.67 100.46 116.55
12.52 23.87 68.23 95.56 100.11 104.39
8.53 31.12 62.13 90.48 98.33 100.85
13.01 27.99 56.36 99.88 99.98 102.32
13.94 27.38 56.44 99.81 100.00 102.07
13.41 27.49 53.35 99.77 100.00 105.85
14.14 27.21 55.50 99.89 99.99 103.25
13.69 27.47 54.95 99.86 100.60 103.64
14.79 28.37 54.21 97.39 99.51 103.91
13.30 31.44 54.16 99.85 100.16 101.34
14.09 27.41 54.29 99.89 99.29 102.66
9.70 28.84 52.46 98.09 100.60 111.13
13.29 26.78 52.29 100.35 100.87 107.12
13.49 26.36 54.19 99.01 98.89 105.85
12.09 26.96 48.32 99.92 100.28 111.76
13.61 24.21 53.88 98.85 99.81 107.53
9.30 25.82 64.68 89.86 100.05 109.14
12.05 40.66 48.96 94.43 99.97 103.47
14.00 28.27 55.60 99.25 100.33 101.95
13.62 26.92 55.32 100.32 99.53 103.92
14.12 28.10 55.10 99.74 100.50 102.66
13.41 25.82 51.55 99.18 99.57 107.83
11.37 28.82 49.45 98.56 99.79 110.49
13.40 21.27 71.41 83.27 99.72 106.65
15.37 24.60 62.47 91.87 100.15 105.67
14.20 27.86 55.40 99.79 99.92 102.58
13.33 27.49 54.81 99.27 100.37 104.06
12.48 27.64 54.13 97.30 100.54 110.27
10.34 26.19 54.60 97.77 100.10 108.32
8.13 26.86 53.46 97.45 99.86 109.33
9.34 28.83 57.45 99.54 99.91 104.68
9.55 28.89 57.95 99.26 100.40 103.65
9.98 27.73 54.40 99.02 99.74 106.71
12.09 18.52 76.39 80.97 100.36 111.89
12.39 22.54 65.42 95.01 99.98 103.15
14.86 23.46 58.91 94.03 99.61 107.71
13.74 26.16 54.16 99.60 99.98 105.44
12.81 23.02 59.23 97.31 100.91 105.01
9.99 28.29 58.36 99.35 100.05 104.62
9.30 28.77 57.41 99.52 99.35 104.19
12.62 26.95 54.62 99.44 100.72 105.44
13.66 27.31 53.87 99.65 99.26 104.40
14.12 27.13 54.43 99.74 100.49 104.33
13.23 26.71 54.39 99.41 99.79 105.38
9.11 27.10 49.23 98.29 99.80 113.35
8.49 29.07 57.52 98.69 99.12 105.46
10.37 29.34 61.05 92.87 100.23 105.09
10.91 28.81 56.22 96.98 100.35 106.34
10.40 36.57 48.35 92.12 100.51 113.01
10.85 28.87 58.68 93.03 99.14 104.19
11.64 26.55 58.30 97.12 99.78 105.77
10.88 26.27 67.22 93.75 99.61 102.04
14.30 27.75 56.35 99.69 100.91 101.57
14.02 27.95 56.30 99.15 99.51 100.43
13.81 27.56 54.34 99.76 99.48 103.99
11.11 24.69 68.35 93.12 100.68 102.38
11.70 25.13 64.52 93.65 99.36 102.68
14.09 28.89 57.09 100.75 100.63 100.47
13.16 26.33 52.86 99.66 99.49 106.24
14.09 27.45 55.82 99.65 100.20 102.95
11.56 27.88 55.20 98.20 100.57 106.09
13.92 28.64 56.37 98.71 99.34 100.62
13.90 26.37 54.12 100.35 100.16 105.57
11.54 24.36 60.12 97.79 99.39 104.76
13.07 26.67 56.05 100.13 100.02 103.70
14.08 27.72 54.87 99.17 100.38 103.11
13.31 31.43 54.38 100.29 100.49 101.82
13.58 27.17 54.65 98.74 98.99 103.45
12.24 24.97 60.92 97.25 100.20 104.12
14.27 23.20 60.28 99.52 99.77 102.59
15.34 21.14 60.85 97.80 99.95 105.65
12.72 27.15 54.40 99.26 100.02 104.54
15.84 19.06 68.96 87.16 99.86 106.94
13.94 25.81 57.13 99.89 100.26 103.45
14.04 28.02 55.63 98.76 99.74 100.83
13.72 27.07 54.04 100.56 100.96 105.71
17.44 35.05 49.35 94.88 100.16 102.88
13.37 27.15 55.69 98.48 98.99 102.61
13.76 28.02 55.69 99.84 99.99 102.35
13.94 27.51 55.32 99.39 100.02 103.20
13.91 27.58 55.21 99.65 100.14 102.42
14.27 24.20 57.43 97.68 100.97 105.13
17.04 20.07 67.67 90.96 99.53 102.83
13.72 28.10 55.55 99.42 99.36 100.72
13.28 26.99 53.30 99.90 100.04 106.52
13.41 24.04 58.57 97.19 99.55 105.85
11.81 23.97 67.25 91.67 100.40 104.94
9.24 29.18 58.37 99.68 99.57 103.34
9.84 27.56 55.39 96.08 100.18 110.36
6.15 19.74 76.80 90.66 99.81 106.58
9.28 25.12 62.41 95.98 100.09 106.74
16.63 18.40 66.97 90.49 100.43 106.53
14.25 25.85 56.05 99.81 99.49 103.43
13.68 27.27 54.89 99.51 100.36 103.47
13.41 27.79 54.37 99.86 99.74 104.86
13.27 26.54 53.45 99.82 99.82 106.42
14.08 28.00 55.80 99.84 99.91 101.62
14.04 27.17 54.41 99.82 100.17 103.84
12.11 25.04 61.66 95.63 99.91 105.71
12.93 26.84 54.89 99.72 100.14 104.37
13.97 27.79 55.50 99.72 100.15 102.24
14.72 27.74 55.58 100.35 100.65 103.09
12.28 25.95 51.77 96.19 99.15 110.03
11.97 28.65 57.35 96.01 99.66 105.14
12.73 25.86 52.92 99.76 99.95 107.98
10.98 22.42 73.85 89.63 100.31 102.53
13.63 28.12 55.83 99.49 99.83 102.17
14.03 28.33 55.56 99.61 100.59 101.65
14.10 27.00 54.52 99.83 99.56 104.38
13.27 27.26 55.31 99.53 100.47 103.12
13.62 26.01 51.80 99.32 99.86 108.18
13.58 27.56 55.45 97.92 99.24 102.10
11.49 29.06 57.76 97.90 99.95 104.48
9.50 28.23 57.06 99.16 100.37 105.52
8.19 27.32 54.40 98.18 98.62 109.12
14.14 28.44 56.65 100.53 100.99 100.46
13.76 27.48 54.58 99.14 98.96 102.89
14.31 28.02 56.49 99.66 100.11 101.06
13.05 26.99 54.40 99.72 100.46 105.31
14.00 27.97 55.30 98.80 99.64 102.65
11.71 20.39 77.92 80.29 100.33 108.19
11.62 26.47 59.21 98.63 100.44 102.91
12.12 23.77 60.12 96.77 99.74 105.45
12.23 33.89 52.75 97.25 99.24 103.07
13.60 26.67 52.79 97.33 100.34 103.97
11.84 23.29 66.13 88.75 99.45 109.40
13.18 26.53 53.03 100.00 99.61 106.48
13.27 27.27 54.60 99.97 99.47 104.46
13.82 28.17 54.99 101.08 99.68 103.28
14.15 27.51 55.27 99.65 98.94 100.81
13.44 27.03 53.75 99.16 99.10 105.41
14.90 22.82 59.80 100.31 98.33 101.34
10.23 18.98 66.48 86.97 98.15 113.13
11.53 23.10 62.65 96.40 99.80 106.28
13.53 26.30 59.78 97.35 99.61 102.71
12.28 24.93 57.36 99.41 99.65 104.81
13.78 27.21 55.42 100.95 99.99 103.90
13.63 27.37 54.04 98.97 98.69 103.75
13.68 26.96 53.69 100.63 100.12 105.24
13.60 27.54 55.56 100.44 100.67 102.71
12.96 25.82 57.18 97.75 99.69 104.05
12.23 24.07 66.06 91.90 99.47 102.73
13.83 28.40 55.64 100.00 99.98 101.56
13.95 27.55 55.59 100.46 99.37 102.27
14.53 27.62 54.96 100.52 100.99 101.94
13.22 27.23 54.71 99.29 99.06 103.19
13.66 28.48 54.37 99.66 100.78 102.71
13.17 25.43 54.36 99.99 99.76 106.07
10.11 28.61 56.45 99.84 100.33 105.16
8.86 29.14 58.63 98.90 99.50 102.12
9.60 28.94 57.83 99.64 99.48 102.87
13.46 27.79 55.89 99.95 100.44 102.03
13.99 27.49 54.19 100.37 99.64 103.38
14.02 28.20 56.12 100.20 99.90 101.27
13.56 27.22 54.75 99.72 99.96 103.11
13.91 27.49 54.55 100.32 100.30 102.98
13.70 27.14 55.15 100.28 100.66 103.40
10.40 21.79 62.03 90.74 99.72 112.64
9.81 30.45 60.02 92.48 99.37 106.77
12.72 26.74 55.02 100.24 100.43 104.83
14.09 27.95 54.79 96.06 99.32 106.05
13.80 28.28 57.46 89.97 100.76 109.82
14.16 28.69 56.36 93.77 99.19 105.31
14.27 28.07 57.39 94.09 100.67 105.41
14.76 28.54 56.38 93.76 99.68 106.43
13.91 28.95 56.60 86.32 99.67 112.62
13.98 27.96 57.68 96.88 100.34 102.28
14.21 28.58 56.83 96.50 99.63 103.36
14.88 28.14 57.07 97.38 100.80 103.51
13.40 28.20 57.07 92.86 99.48 105.43
14.43 28.86 56.39 96.80 100.24 102.39
14.61 28.64 56.37 95.52 99.98 104.08
14.14 28.39 57.15 95.37 99.16 104.81
13.73 28.64 57.13 93.24 99.95 106.38
14.92 28.29 56.46 93.76 99.97 105.04
14.36 28.29 56.96 96.71 100.19 102.76
14.15 28.48 57.19 96.93 99.78 102.87
13.94 28.70 57.06 95.58 100.91 104.12
22.90 23.81 56.60 98.12 94.91 100.38
15.50 23.86 60.52 95.36 99.50 104.63
11.00 40.42 53.26 87.71 99.72 107.12
11.12 27.47 60.59 93.79 100.16 106.16
8.36 25.59 68.80 91.71 99.34 103.22
13.35 26.92 53.82 99.74 100.43 105.88
14.32 27.75 55.43 99.47 100.07 101.57
13.04 21.43 65.50 92.27 99.78 105.77
13.25 27.28 55.07 99.06 100.11 103.65
13.86 30.89 49.49 99.66 99.57 106.06
12.85 27.51 53.82 99.77 100.15 105.71
9.58 29.41 59.15 97.37 100.03 103.84
13.65 27.68 56.29 99.77 99.97 101.52
13.22 26.12 51.99 99.23 99.97 108.01
14.20 27.91 55.19 99.69 100.34 102.18
13.07 31.15 54.59 100.78 101.46 103.11
12.57 21.34 67.43 92.77 98.46 101.08
13.98 27.51 55.01 99.87 99.96 102.91
10.37 24.94 63.14 95.59 99.55 105.90
14.00 28.09 55.63 99.10 100.17 102.32
14.08 27.93 56.24 99.83 100.10 101.53
13.80 27.83 54.69 100.04 99.97 103.55
14.34 27.43 56.51 99.64 99.68 101.27
13.61 28.04 54.99 99.44 100.66 103.47
13.16 25.51 57.77 99.42 100.83 106.21
11.43 25.56 66.01 92.81 98.50 100.59
13.67 27.61 55.23 99.66 99.64 103.30
13.98 28.13 55.38 99.56 99.90 100.67
13.49 27.11 54.71 99.83 100.28 105.32
14.07 27.76 55.86 99.42 99.19 102.12
13.34 27.07 54.27 99.77 100.50 104.21
14.21 27.99 55.80 99.73 99.91 102.33
11.68 30.00 53.70 98.31 99.44 105.06
14.32 28.15 55.60 99.80 99.99 101.56
13.80 28.10 56.75 99.76 100.12 101.43
14.13 28.07 56.52 99.72 100.18 100.66
13.98 28.09 55.12 99.72 100.07 102.57
14.24 27.54 55.75 99.28 99.76 102.40
12.76 27.51 56.85 98.99 100.41 102.95
13.32 21.05 62.42 99.43 99.90 103.51
13.72 26.48 55.66 99.84 99.86 103.33
10.51 20.27 69.45 90.72 100.06 109.00
13.59 27.90 54.78 99.73 100.32 103.38
13.89 25.87 52.21 99.44 100.16 106.55
13.49 27.85 55.52 99.43 98.98 102.50
13.15 27.43 54.88 99.34 100.62 104.58
13.39 26.28 53.71 99.71 100.48 105.97
14.51 28.46 55.80 99.09 99.25 100.56
15.92 33.10 45.61 99.16 99.69 105.23
18.51 36.31 43.36 97.91 100.41 103.99
16.46 33.47 44.87 98.59 100.47 106.08
15.92 31.12 48.17 99.31 99.31 103.58
14.85 22.87 61.30 94.52 99.86 104.51
14.06 28.07 56.25 99.78 100.24 101.37
15.93 23.27 63.98 92.67 99.47 103.72
13.63 27.75 54.10 99.53 100.31 102.64
13.94 27.27 56.02 99.33 99.65 102.77
13.78 28.18 55.79 99.71 100.06 102.02
13.85 27.66 54.95 99.75 99.87 103.36
14.08 27.95 55.54 99.55 100.15 101.96
14.01 27.51 56.03 99.39 100.45 101.59
13.46 27.89 55.18 98.94 100.15 102.91
14.03 27.55 55.94 99.60 99.43 102.11
14.34 28.27 56.01 99.73 100.16 101.05
14.03 28.50 52.64 99.62 99.58 105.56
13.46 25.98 50.54 99.42 99.63 107.94
13.50 28.37 56.42 99.75 100.55 102.00
12.55 24.43 50.15 99.20 99.65 112.20

