104.02 73.03 57.42 43.25 36.89 45.84
112.04 93.88 61.62 31.06 27.12 60.57
132.64 77.75 55.36 44.67 27.90 37.58
116.60 89.86 73.03 47.75 28.51 21.21
113.76 80.56 70.12 40.36 54.28 25.19
113.90 86.65 74.28 48.68 38.78 11.78
126.84 95.05 62.72 42.12 30.06 14.97
113.97 83.58 61.55 52.78 42.18 21.01
134.87 91.81 55.18 35.99 36.09 11.60
135.50 101.96 59.25 39.04 20.86 14.68
105.66 92.23 64.63 67.62 18.88 10.97
123.35 83.59 57.29 40.06 42.62 26.91
116.99 92.60 67.14 35.82 30.77 24.58
103.81 84.04 83.37 44.12 29.94 30.34
103.74 94.26 73.93 44.40 30.17 30.63
114.47 91.06 68.92 42.63 27.71 39.06
112.95 81.63 71.13 44.81 42.49 21.25
137.98 85.97 66.14 37.14 33.25 27.79
119.05 81.77 58.41 34.10 53.53 31.82
108.81 97.40 73.17 45.40 38.77 12.48
109.39 88.56 68.32 52.56 28.89 26.70
135.05 105.97 55.68 43.55 22.97 11.77
109.10 87.27 70.87 46.49 32.34 24.01
121.66 84.43 67.55 45.50 27.93 27.44
142.71 79.98 76.84 39.32 22.68 15.43
131.94 89.27 59.16 44.85 22.18 36.21
128.80 88.26 65.30 38.62 31.17 25.49
142.32 99.30 59.93 30.50 37.51 7.96
148.37 105.20 55.06 29.61 17.80 16.46
152.64 96.27 59.50 33.74 24.77 11.40
152.41 103.74 55.46 27.57 17.13 8.21
138.72 94.29 61.00 33.79 18.58 13.00
137.00 99.59 53.12 30.58 21.00 30.35
114.67 81.67 58.60 46.58 38.07 30.26
136.92 90.91 52.36 33.75 40.16 18.15
113.49 91.70 91.06 50.57 32.54 14.12
104.16 86.39 83.27 43.24 42.26 22.53
106.16 96.41 72.72 45.73 32.51 27.48
111.13 92.32 88.94 40.29 24.98 27.79
108.30 100.69 85.08 52.73 23.76 14.20
100.68 95.46 81.58 36.67 51.18 15.39
132.96 97.07 62.57 43.24 26.15 15.02
110.85 93.73 64.42 48.86 28.10 27.89
138.94 82.73 73.84 40.17 25.84 15.09
116.41 79.88 67.09 54.07 32.46 24.31
95.37 88.16 75.68 71.50 41.75 16.96
105.97 87.23 73.61 43.91 46.68 22.52
96.54 77.08 64.83 44.89 33.05 65.06
114.29 85.93 58.98 39.02 24.70 45.65
105.08 83.82 59.42 59.01 31.58 31.69
132.04 84.95 70.06 36.71 24.13 23.93
125.66 88.65 60.24 31.99 46.05 21.53
106.78 89.51 66.53 52.29 32.21 21.18
93.00 88.47 86.56 45.15 39.21 24.13
112.41 90.87 67.30 44.16 36.42 29.83
133.69 96.92 59.90 35.56 31.91 31.53
140.14 110.38 54.99 39.12 18.04 11.75
130.31 92.51 61.73 61.53 17.05 8.82
142.17 92.52 63.20 40.67 25.31 11.37
148.29 92.72 61.45 40.89 21.69 14.78
103.36 75.54 68.88 58.47 35.99 23.43
108.71 90.75 74.82 37.34 29.01 16.05
146.46 99.77 61.07 36.39 18.07 8.78
184.60 101.82 53.22 26.13 13.66 6.98
169.92 98.25 56.05 26.49 14.94 14.18
105.28 91.80 73.40 58.73 22.72 34.80
107.85 83.00 63.87 63.47 27.43 32.01
117.23 96.73 75.01 41.75 28.99 23.59
112.54 92.31 65.19 36.58 61.02 10.32
112.34 91.32 55.35 47.82 37.90 37.74
97.94 93.55 65.62 57.16 35.58 29.05
113.99 75.39 68.10 48.40 24.00 48.06
118.30 80.57 85.75 48.12 27.56 18.75
115.44 100.76 72.28 58.75 18.15 9.67
119.36 92.09 67.34 52.90 29.13 13.21
119.01 94.69 77.91 46.26 30.37 14.97
105.30 80.11 69.48 58.14 45.53 18.33
124.45 91.75 55.30 47.72 27.60 24.19
116.88 88.74 66.06 39.92 22.63 43.13
166.74 99.99 55.94 28.42 20.79 11.71
153.52 100.24 52.18 26.09 22.67 12.60
128.54 101.16 65.37 32.72 22.42 25.46
131.53 87.11 63.15 32.43 23.42 26.88
124.31 82.90 63.27 48.59 33.47 17.21
119.85 88.11 58.03 36.76 27.85 42.20
102.37 93.74 75.98 37.46 31.12 30.44
134.66 77.84 66.36 49.83 28.08 20.36
163.73 96.19 64.59 30.98 17.90 12.76
162.12 102.42 56.73 26.69 14.42 9.45
148.14 108.35 52.94 33.20 19.33 10.47
130.43 84.24 69.05 43.28 27.06 16.60
127.09 94.50 61.05 47.29 22.82 17.39
121.92 83.47 66.39 44.80 26.25 27.76
128.87 81.14 68.27 44.07 26.03 28.53
104.64 86.81 63.86 52.40 27.62 30.99
126.44 84.10 60.34 52.78 29.36 21.09
124.05 98.86 58.25 42.93 30.89 19.84
151.24 88.16 55.73 31.59 41.53 11.32
140.85 78.30 74.20 44.15 38.45 16.53
116.68 83.12 67.57 60.29 22.02 30.37
124.35 92.22 65.06 37.67 36.32 14.75
114.98 104.56 61.25 54.61 23.66 13.93
137.14 80.72 56.01 50.72 33.58 15.02
118.52 95.75 74.28 40.32 25.64 16.69
154.09 96.02 59.90 32.73 18.09 13.00
133.04 91.78 63.28 50.59 26.45 13.30
117.84 92.64 73.74 38.53 28.05 27.97
118.32 98.16 64.82 30.83 50.12 22.80
127.20 82.10 55.81 43.25 32.24 29.08
128.12 100.76 61.48 33.24 35.49 16.04
117.17 86.65 68.84 40.01 38.35 28.42
109.47 83.48 82.84 37.41 49.67 17.42
118.17 82.68 67.87 59.30 24.24 23.18
119.10 81.88 70.46 64.03 21.42 19.39
119.87 81.14 68.39 49.45 37.96 18.02
124.76 74.81 70.87 41.49 25.03 49.04
108.63 94.77 79.85 40.98 35.93 19.89
129.39 104.08 65.93 43.19 27.48 13.15
117.43 93.36 77.97 53.17 21.21 11.90
139.59 98.11 72.08 46.33 18.96 9.99
107.24 94.02 60.68 80.78 23.93 13.56
122.96 85.84 71.71 70.82 18.47 10.50
111.80 91.36 77.05 40.67 26.03 27.74
112.76 93.52 58.13 44.40 28.58 16.29
123.58 100.12 57.14 44.56 30.38 20.97
138.93 95.42 59.55 40.12 23.01 15.29
147.79 77.55 69.70 38.00 24.93 15.29
105.55 72.10 61.35 56.19 35.56 54.35
113.43 84.39 58.43 46.05 34.03 40.41
113.66 92.33 63.44 46.79 29.69 29.66
101.61 90.54 79.13 47.08 31.31 26.36
113.61 96.77 63.86 43.75 30.64 29.57
113.39 92.26 62.42 43.36 35.43 26.08
111.18 98.64 68.75 54.41 29.46 14.02
115.67 89.63 57.32 44.65 29.26 35.22
111.47 90.69 78.09 61.25 25.34 19.51
122.66 82.34 66.20 43.05 42.43 22.79
117.79 96.93 65.67 37.31 44.82 16.39
120.48 96.26 62.90 39.98 21.94 34.92
123.38 103.13 71.64 39.84 23.99 25.23
119.77 95.24 60.20 49.78 21.18 22.98
118.56 79.87 68.04 51.80 36.45 22.43
121.84 81.41 62.39 41.48 30.50 40.77
164.19 102.01 57.69 30.40 20.07 14.75
118.82 96.63 64.97 38.15 29.06 27.88
123.42 81.26 66.05 53.33 25.98 31.17
166.28 72.60 68.55 36.20 17.82 16.59
154.48 98.59 62.20 26.59 14.62 32.04
142.00 91.53 61.65 28.30 17.88 20.74
150.32 82.22 56.51 29.64 17.23 35.72
129.05 92.44 64.36 31.03 19.23 35.28
184.13 98.69 53.49 25.93 13.67 6.80
133.58 96.47 61.38 31.79 31.12 10.70
116.44 88.14 64.85 46.16 45.76 25.50
126.81 95.62 64.09 45.05 28.83 16.82
111.58 93.72 65.81 50.78 31.08 17.85
130.63 87.95 70.45 48.79 22.30 18.28
130.49 90.48 62.09 39.14 27.00 26.25
108.82 89.71 80.23 60.05 27.78 20.39
114.40 99.11 62.25 49.33 27.16 35.50
129.52 100.09 62.59 37.97 36.87 14.19
110.92 98.33 65.80 49.72 33.04 28.35
121.23 82.29 65.56 50.82 24.63 31.81
123.26 94.40 78.99 41.98 30.63 14.58
117.98 88.27 78.69 47.76 24.39 15.97
120.64 90.15 63.45 44.06 35.77 25.77
118.33 87.59 67.45 44.81 41.58 20.94
163.70 101.64 57.38 29.59 18.40 8.27
121.08 82.80 59.80 35.35 25.46 27.59
123.86 93.15 58.78 44.89 28.43 20.83
117.28 88.23 70.38 50.72 33.88 15.89
123.22 93.24 54.18 38.79 36.38 24.44
142.20 93.00 59.77 32.92 21.26 34.84
121.47 104.38 56.11 35.78 22.79 36.93
116.58 92.27 57.58 53.22 26.68 25.29
123.81 84.13 63.23 41.71 36.23 31.87
134.20 103.20 60.40 31.73 42.94 9.90
110.41 82.36 62.88 43.87 64.81 14.93
112.72 89.22 63.79 43.15 50.24 16.43
135.71 75.21 61.62 56.87 26.97 15.91
120.52 99.33 65.76 42.13 22.47 28.68
142.04 82.86 66.67 31.97 29.30 17.81
126.63 87.31 64.81 36.28 27.71 38.98
132.42 80.34 60.63 39.70 43.53 21.17
124.14 65.51 85.01 47.18 42.48 19.52
120.52 86.02 67.09 40.37 25.45 18.83
104.95 81.47 67.88 45.16 30.46 24.61
113.34 85.90 64.11 46.07 51.69 22.44
107.27 85.75 81.88 48.02 28.78 21.59
121.17 98.56 74.50 43.62 25.30 23.10
117.34 86.66 60.63 55.06 32.49 28.95
109.89 83.76 74.93 44.05 28.05 34.48
116.42 99.39 55.18 43.20 36.27 23.06
115.07 86.42 67.09 64.77 30.14 20.58
122.16 79.89 71.89 53.27 28.54 18.27
120.89 95.21 60.26 45.23 25.24 21.89
116.47 99.88 58.31 35.86 48.29 9.94
120.94 97.67 58.41 49.29 37.59 15.97
101.05 86.36 75.21 52.87 27.73 46.76
134.42 90.34 70.40 37.64 37.66 10.69
175.09 98.92 55.66 29.51 14.79 7.65
148.65 112.16 55.39 29.82 13.96 8.77
100.37 96.14 60.44 39.35 40.77 21.66
173.60 101.36 52.03 29.76 14.31 13.27
119.94 99.44 61.45 33.76 28.88 31.76
146.40 100.34 57.86 30.81 33.32 14.26
115.31 78.54 70.04 32.98 47.86 38.09
122.67 69.60 61.02 32.69 23.09 71.37
109.75 88.63 66.64 63.59 30.68 20.43
120.95 84.20 64.37 46.99 34.29 26.90
108.84 101.57 63.93 57.01 25.90 15.94
121.02 86.63 65.13 69.60 23.67 12.59
116.34 77.72 88.53 45.33 18.69 27.45
116.64 85.59 83.90 44.93 25.25 17.47
120.16 78.94 68.11 50.90 28.48 24.22
115.66 88.74 63.36 47.09 33.55 29.28
110.68 92.00 67.88 44.77 33.58 19.38
115.95 91.14 75.98 38.30 35.53 20.35
113.69 93.03 62.53 31.68 30.11 57.64
123.25 83.84 58.80 48.99 34.44 30.56
102.76 93.35 77.58 47.31 24.69 23.05
112.34 100.26 91.04 34.02 22.78 20.41
105.55 83.65 94.93 45.72 29.92 21.39
115.16 78.40 90.25 48.71 30.99 18.66
123.31 76.46 71.24 45.26 35.10 24.36
108.14 86.31 61.95 65.20 36.94 21.34
115.48 89.20 69.38 55.28 26.54 21.46
109.65 86.70 83.48 58.68 22.93 14.03
104.95 93.07 71.58 35.94 31.93 32.66
127.99 87.78 65.12 33.70 41.61 25.59
144.04 90.14 60.41 31.72 30.04 14.85
169.25 103.40 57.41 26.85 19.04 9.44
162.05 92.72 58.48 31.91 22.44 10.43
116.39 86.03 58.34 49.92 34.75 32.83
128.86 93.97 62.07 38.54 35.39 19.70
129.53 87.26 65.62 41.43 26.58 25.00

